"","time","S","I","R","Total"
"1",1,99.9999,1e-04,0,1e-04
"2",2,99.9998667895939,0.000122140244891216,1.10701611720922e-05,0.000133210406063308
"3",3,99.9998262263837,0.000149182343547483,2.45912727632206e-05,0.000173773616310704
"4",4,99.9997766825136,0.000182211524657023,4.11059616877106e-05,0.000223317486344734
"5",5,99.9997161695077,0.000222553426303706,6.12770659635988e-05,0.000283830492267304
"6",6,99.9996422591654,0.000271826829777472,8.59140047994405e-05,0.000357740834576912
"7",7,99.9995519851428,0.000332009269013003,0.000116005588121345,0.000448014857134348
"8",8,99.9994417246312,0.000405515906928118,0.000152759461870581,0.000558275368798699
"9",9,99.999307052918,0.000495296487367188,0.000197650594643897,0.000692947082011085
"10",10,99.9991425653894,0.000604953989622064,0.000252480620972229,0.000857434610594293
"11",11,99.9989416623597,0.000738888059746357,0.0003194495804926,0.00105833764023896
"12",12,99.9986962812649,0.000902473524227478,0.000401245210874846,0.00130371873510232
"13",13,99.9983965758082,0.00110227425759335,0.000501149934219208,0.00160342419181255
"14",14,99.9980305208152,0.00134630655970185,0.000623172625043344,0.0019694791847452
"15",15,99.997583429125,0.00164436114955801,0.000772209725423403,0.00241657087498141
"16",16,99.9970373634303,0.0020083951539732,0.000954241415670275,0.00296263656964347
"17",17,99.9963704172677,0.00245301127241418,0.00117657145991618,0.00362958273233036
"18",18,99.99555583722,0.00299604271312596,0.0014481200668115,0.00444416277993746
"19",19,99.9945609515161,0.00365926707012865,0.00177978141376103,0.00543904848388968
"20",20,99.9933458620326,0.00446927773883164,0.00218486022849967,0.00665413796733131
"21",21,99.9918618479446,0.00545854728061461,0.00267960477469741,0.00813815205531203
"22",22,99.9900494177153,0.00666672480014605,0.00328385748447324,0.00995058228461929
"23",23,99.9878359323871,0.00814221848551964,0.00402184912738988,0.0121640676129095
"24",24,99.9851327065939,0.00994412538463967,0.0049231680214144,0.0148672934060541
"25",25,99.9818314735648,0.0121445837731685,0.00602394266201043,0.0181685264351789
"26",26,99.9778000761628,0.0148316393895224,0.00736828444766087,0.0221999238371832
"27",27,99.9728772168738,0.0181127358954585,0.00901004723068056,0.0271227831261391
"28",28,99.9668660647353,0.0221189626971637,0.011014972567502,0.0331339352646657
"29",29,99.9595264755743,0.0270102202590331,0.0134633041666723,0.0404735244257054
"30",30,99.9505655325873,0.0329814948196981,0.016452972592959,0.0494344674126571
"31",31,99.939626056261,0.0402704714553123,0.0201034722836924,0.0603739437390047
"32",32,99.92627266505,0.0491667570392858,0.0245605779107347,0.0737273349500205
"33",33,99.9099748905531,0.060023032807365,0.0300020766394706,0.0900251094468355
"34",34,99.890086763221,0.0732685093527434,0.0366447274262021,0.109913236778945
"35",35,99.8658221880339,0.0894251133813996,0.0447526985846424,0.134177811966042
"36",36,99.8362253270143,0.109126892345191,0.0546477806404815,0.163774672985673
"37",37,99.8001351025918,0.133143174650143,0.0667217227580046,0.199864897408147
"38",38,99.7561428427316,0.162406060441988,0.0814510968263197,0.243857157268308
"39",39,99.7025420217731,0.198042826683209,0.0994151515436654,0.297457978226874
"40",40,99.6372690358091,0.241413788531109,0.121317175659748,0.362730964190857
"41",41,99.5578340269818,0.294156034643792,0.148009938374363,0.442165973018155
"42",42,99.4612409940019,0.358233200700873,0.180525805297197,0.538759005998071
"43",43,99.3438968767361,0.435990998857792,0.220112124406135,0.656103123263926
"44",44,99.2015100901542,0.53021749517087,0.26827241467494,0.79848990984581
"45",45,99.0289802496396,0.644206013062382,0.326813737298007,0.971019750360389
"46",46,98.820282749946,0.781816909487282,0.39790034056667,1.17971725005395
"47",47,98.5683546282085,0.947532185910971,0.484113185880518,1.43164537179149
"48",48,98.2649919394399,1.14649384770746,0.588514212852636,1.7350080605601
"49",49,97.9007738053629,1.38451308738294,0.714713107254146,2.09922619463708
"50",50,97.4650342775708,1.66803289885729,0.866932823571924,2.53496572242922
"51",51,96.9459097328818,2.00402212476128,1.05006814235697,3.05409026711825
"52",52,96.3304956498943,2.39977520709733,1.26972914300835,3.66950435010568
"53",53,95.6051504318698,2.86259075678756,1.53225881134259,4.39484956813015
"54",54,94.7559826186945,3.39930592882589,1.84471145247965,5.24401738130554
"55",55,93.7695477818091,4.01567542724736,2.21477679094359,6.23045221819095
"56",56,92.6337590524566,4.71560640026885,2.65063454727453,7.36624094754338
"57",57,91.3389786452111,5.50029434663387,3.16072700815504,8.66102135478891
"58",58,89.8792088778544,6.36734743380597,3.7534436883396,10.1207911221456
"59",59,88.253248187437,7.31002873115383,4.43672308140916,11.746751812563
"60",60,86.4656353954954,8.31677357956869,5.21759102493587,13.5343646045046
"61",61,84.527192773965,9.37113613081921,6.1016710952158,15.472807226035
"62",62,82.4550109621344,10.4522731021547,7.09271593571093,17.5449890378656
"63",63,80.2717998760175,11.5359849851274,8.19221513885508,19.7282001239825
"64",64,78.0046443856699,12.5962237812552,9.39913183307486,21.9953556143301
"65",65,75.6833203567131,13.6068739681989,10.709805675088,24.3166796432869
"66",66,73.3384096432501,14.5435532292964,12.1180371274535,26.6615903567499
"67",67,70.9994768573135,15.3851810498981,13.6153420927884,29.0005231426865
"68",68,68.6935303284162,16.1151255942268,15.1913440773569,31.3064696715838
"69",69,66.4439254009986,16.7218216046021,16.8342529943993,33.5560745990014
"70",70,64.2697309911102,17.1988867116707,18.5313822972191,35.7302690088898
"71",71,62.1855517556652,17.5447940363197,20.269654208015,37.8144482443348
"72",72,60.2017011159713,17.7622430496844,22.0360558343443,39.7982988840288
"73",73,58.3246268789289,17.8573508120512,23.8180223090199,41.6753731210711
"74",74,56.5574711287359,17.838793355786,25.6037355154781,43.4425288712641
"75",75,54.900679791334,17.7169819628749,27.3823382457911,45.099320208666
"76",76,53.3525965413372,17.5033331470389,29.1440703116239,46.6474034586628
"77",77,51.9100017483949,17.2096607095004,30.8803375421048,48.0899982516051
"78",78,50.5685754365119,16.847697981438,32.5837265820501,49.4314245634882
"79",79,49.3232786902838,16.4287431853516,34.2479781243646,50.6767213097162
"80",80,48.1686565019919,15.9634132317162,35.8679302662919,51.8313434980081
"81",81,47.0990704695893,15.461487634822,37.4394418955887,52.9009295304107
"82",82,46.1088717968716,14.93182399417,38.9593042089584,53.8911282031284
"83",83,45.1925254400286,14.3823279333768,40.4251466265945,54.8074745599714
"84",84,44.3446954396286,13.8199627572468,41.8353418031247,55.6553045603714
"85",85,43.5603002244171,13.2507867040503,43.1889130715326,56.4396997755829
"86",86,42.8345452213735,12.6800081951866,44.4854465834399,57.1654547786265
"87",87,42.1629387145842,12.1120517268458,45.7250095585701,57.8370612854158
"88",88,41.5412956420319,11.5506289368933,46.9080754210749,58.4587043579681
"89",89,40.9657329566161,10.9988109117249,48.0354561316591,59.034267043384
"90",90,40.43265930398,10.4590990016177,49.1082416944023,59.56734069602
"91",91,39.9387610717387,9.93349233630247,50.1277465919589,60.0612389282613
"92",92,39.4809863177205,9.42355092384059,51.095462758439,60.5190136822796
"93",93,39.0565276635384,8.93045372226184,52.0130186141998,60.9434723364616
"94",94,38.6628049198254,8.45505143528925,52.8821436448854,61.3371950801746
"95",95,38.297447969573,7.99791403487749,53.7046379955496,61.7025520304271
"96",96,37.9582802583747,7.55937318164813,54.4823465599772,62.0417197416254
"97",97,37.6433031104797,7.13955982130486,55.2171370682155,62.3566968895204
"98",98,37.3506809958907,6.73843729754294,55.9108817065663,62.6493190041093
"99",99,37.0787278072652,6.35583035263581,56.565441840099,62.9212721927348
"100",100,36.8258941586106,5.99145039551568,57.1826554458738,63.1741058413895
"101",101,36.5907556894256,5.64491741192524,57.7643268986492,63.4092443105744
"102",102,36.3720023306721,5.31577886818165,58.3122188011463,63.627997669328
"103",103,36.1684284843673,5.00352594885249,58.8280455667802,63.8315715156327
"104",104,35.9789240574902,4.70760744346753,59.3134684990424,64.0210759425099
"105",105,35.8024662871636,4.42744155283105,59.7700921600054,64.1975337128364
"106",106,35.6381122961218,4.16242587830661,60.1994618255717,64.3618877038783
"107",107,35.4849923177341,3.91194582432314,60.6030618579428,64.515007682266
"108",108,35.3423035326326,3.67538161961737,60.9823148477501,64.6576964673675
"109",109,35.2093044625473,3.45211414055496,61.3385813968978,64.7906955374527
"110",110,35.0853098705511,3.24152969873132,61.6731604307177,64.914690129449
"111",111,34.9696861208595,3.04302393600709,61.9872899431335,65.0303138791406
"112",112,34.8618469551673,2.85600495282331,62.2821480920095,65.1381530448328
"113",113,34.7612496462333,2.67989578011419,62.5588545736526,65.2387503537667
"114",114,34.6673914929763,2.51413629126656,62.8184722157572,65.3326085070238
"115",115,34.5798066246631,2.35818463823578,63.0620087371012,65.420193375337
"116",116,34.4980630848531,2.21151828499522,63.2904186301517,65.5019369151469
"117",117,34.4217601685945,2.07363470183863,63.5046051295669,65.5782398314055
"118",118,34.3505259889567,1.94405177554798,63.7054222354954,65.6494740110433
"119",119,34.2840152513403,1.82230798296504,63.8936767656947,65.7159847486597
"120",120,34.221907216138,1.70796236895159,64.0701304149105,65.778092783862
"121",121,34.163903832249,1.60059436398991,64.2355018037611,65.836096167751
"122",122,34.1097280256874,1.4998034716679,64.3904685026448,65.8902719743126
"123",123,34.0591221290888,1.40520885192822,64.535669018983,65.9408778709111
"124",124,34.0118464393253,1.31644882216198,64.6717047385127,65.9881535606746
"125",125,33.9676778916987,1.23318029492657,64.7991418133747,66.0323221083013
"126",126,33.9264088403168,1.1550781682042,64.918512991479,66.0735911596831
"127",127,33.8878459352698,1.08183468163791,65.0303193830923,66.1121540647302
"128",128,33.8518090881351,1.0131587500377,65.1350321618272,66.1481909118649
"129",129,33.8181305181557,0.948775283599185,65.2330941982452,66.1818694818443
"130",130,33.7866538721668,0.888424502682694,65.3249216251506,66.2133461278332
"131",131,33.7572334120046,0.831861253629821,65.4109053343656,66.2427665879954
"132",132,33.7297332637181,0.77885433091812,65.4914124053639,66.270266736282
"133",133,33.7040267234337,0.729185809947171,65.5667874666192,66.2959732765663
"134",134,33.6799956152002,0.682650393889043,65.6373539909108,66.3200043847998
"135",135,33.6575296965647,0.639054777303236,65.7034155261321,66.3424703034353
"136",136,33.636526108018,0.598217028593853,65.7652568633882,66.363473891982
"137",137,33.6168888627929,0.559965992859975,65.8231451443472,66.3831111372071
"138",138,33.598528373809,0.524140716246058,65.8773309099449,66.401471626191
"139",139,33.5813610148424,0.490589892526383,65.9280490926313,66.4186389851576
"140",140,33.565308713249,0.459171332346215,65.9755199544048,66.434691286751
"141",141,33.5502985718029,0.429751455283842,66.0199499729133,66.4497014281971
"142",142,33.5362625174183,0.402204804715789,66.061532677866,66.4637374825817
"143",143,33.5231369749789,0.376413585352271,66.1004494396689,66.4768630250211
"144",144,33.5108625631402,0.352267222251685,66.1368702146082,66.4891374368598
"145",145,33.4993838125642,0.329661942497051,66.1709542449387,66.5006161874358
"146",146,33.4886489034779,0.308500377713267,66.2028507188089,66.5113510965221
"147",147,33.4786094211748,0.288691186871283,66.232699391954,66.5213905788252
"148",148,33.4692201285414,0.27014869905126,66.2606311724074,66.5307798714586
"149",149,33.4604387542379,0.252792575313206,66.286768670449,66.5395612457621
"150",150,33.4522257953979,0.236547488935613,66.3112267156665,66.5477742046021
"151",151,33.4445443338072,0.221342823267574,66.3341128429253,66.5554556661928
"152",152,33.4373598645939,0.207112386432689,66.3555277489735,66.5626401354062
"153",153,33.4306401365439,0.193794142127243,66.3755657213288,66.5693598634561
"154",154,33.424355003013,0.181329955466988,66.3943150415201,66.575644996987
"155",155,33.4184762836553,0.169665354550668,66.4118583617941,66.5815237163447
"156",156,33.4129776345431,0.158749304534704,66.4282730609222,66.5870223654569
"157",157,33.4078344272277,0.148533995268177,66.4436315775042,66.5921655727723
"158",158,33.4030236361477,0.138974641799709,66.4580017220526,66.5969763638523
"159",159,33.3985237334994,0.130029296618083,66.4714469698826,66.6014762665006
"160",160,33.3943145910164,0.121658672963848,66.4840267360198,66.6056854089836
"161",161,33.3903773883178,0.113825978792347,66.4957966328899,66.6096226116822
"162",162,33.386694527341,0.106496760750258,66.5068087119088,66.613305472659
"163",163,33.3832495524451,0.0996387576077182,66.5171116899472,66.6167504475549
"164",164,33.3800270758005,0.0932217626115886,66.526751161588,66.6199729241995
"165",165,33.3770127077068,0.0872174942497757,66.5357697980435,66.6229872922932
"166",166,33.3741929915059,0.0815994749431734,66.5442075335509,66.6258070084941
"167",167,33.3715553427826,0.076342917204519,66.5521017400129,66.6284446572174
"168",168,33.3690879925637,0.0714246168271499,66.5594873906092,66.6309120074363
"169",169,33.3667799342492,0.0668228526892404,66.5663972130616,66.6332200657508
"170",170,33.3646208740257,0.0625172927809457,66.5728618331934,66.6353791259743
"171",171,33.3626011845295,0.0584889060829599,66.5789099093875,66.6373988154705
"172",172,33.360711861545,0.0547198799452222,66.5845682585098,66.639288138455
"173",173,33.3589444835344,0.0511935426339025,66.5898619738317,66.6410555164656
"174",174,33.3572911738141,0.0478942907333463,66.5948145354526,66.6427088261859
"175",175,33.3557445651995,0.0448075211073729,66.5994479136931,66.6442554348005
"176",176,33.3542977669582,0.0419195671411973,66.6037826659006,66.6457022330417
"177",177,33.3529443339172,0.0392176390013114,66.6078380270815,66.6470556660828
"178",178,33.3516782375829,0.0366897676659277,66.6116319947512,66.6483217624171
"179",179,33.3504938391427,0.0343247524930779,66.6151814083643,66.6495061608573
"180",180,33.3493858642222,0.0321121121071987,66.6185020236706,66.6506141357778
"181",181,33.3483493792851,0.0300420383980508,66.6216085823168,66.6516506207148
"182",182,33.3473797695671,0.02810535343813,66.6245148769947,66.6526202304328
"183",183,33.3464727184429,0.0262934691363712,66.6272338124207,66.653527281557
"184",184,33.3456241881338,0.0245983494569459,66.6297774624092,66.6543758118661
"185",185,33.3448304016673,0.0230124750423373,66.6321571232904,66.6551695983327
"186",186,33.3440878260071,0.0215288100896689,66.6343833639033,66.6559121739929
"187",187,33.3433931562777,0.020140771338505,66.6364660723837,66.6566068437222
"188",188,33.3427433010118,0.0188421990370371,66.6384144999512,66.6572566989882
"189",189,33.3421353683531,0.0176273297617734,66.6402373018851,66.6578646316469
"190",190,33.3415666531541,0.0164907709735609,66.6419425758723,66.6584333468459
"191",191,33.3410346249092,0.0154274772000316,66.6435378978907,66.6589653750907
"192",192,33.3405369164692,0.0144327277413953,66.6450303557894,66.6594630835308
"193",193,33.340071313486,0.0135021058029205,66.646426580711,66.6599286865139
"194",194,33.3396357445418,0.0126314789634823,66.6477327764947,66.6603642554582
"195",195,33.3392282719151,0.0118169808952255,66.6489547471896,66.6607717280849
"196",196,33.3388470829461,0.0110549942547209,66.6500979227992,66.6611529170539
"197",197,33.338490481959,0.0103421346709911,66.65116738337,66.661509518041
"198",198,33.3381568827075,0.00967523576048171,66.6521678815321,66.6618431172925
"199",199,33.3378448013086,0.00905133510346057,66.6531038635879,66.6621551986914
"200",200,33.3375528496335,0.00846766112046374,66.653979489246,66.6624471503665
